{
  "advancedEditorSelectedIdentifier" : "ShaderGraphEditorPluginID",
  "openSceneRelativePaths" : [
    "Immersive.usda"
  ],
  "recentIdentifiers" : {
    "C6A7F375-BFE9-46E0-9EA6-1A6B150F43FD" : [

    ]
  },
  "sceneCameraHistory" : {
    "C6A7F375-BFE9-46E0-9EA6-1A6B150F43FD" : [
      {
        "date" : 759082462.310594,
        "title" : "Untitled",
        "transform" : [
          0.8668523,
          5.348783e-09,
          -0.498565,
          0,
          -0.36176518,
          0.68810314,
          -0.62899923,
          0,
          0.34306407,
          0.725613,
          0.5964838,
          0,
          2.0195563,
          3.394566,
          2.3107865,
          1
        ]
      },
      {
        "date" : 759082453.82752,
        "title" : "Untitled",
        "transform" : [
          0.8668524,
          5.3487836e-09,
          -0.49856505,
          0,
          -0.36176518,
          0.68810314,
          -0.62899923,
          0,
          0.34306407,
          0.725613,
          0.5964838,
          0,
          1.4725983,
          3.720736,
          2.2285857,
          1
        ]
      },
      {
        "date" : 759082443.824685,
        "title" : "Untitled",
        "transform" : [
          0.1295841,
          4.259979e-09,
          -0.9915685,
          0,
          -0.6267207,
          0.7749277,
          -0.081903644,
          0,
          0.7683938,
          0.63205,
          0.10041836,
          0,
          2.7576005,
          3.373769,
          0.19354263,
          1
        ]
      },
      {
        "date" : 759082440.608606,
        "title" : "Untitled",
        "transform" : [
          0.1295841,
          4.259979e-09,
          -0.9915685,
          0,
          -0.6267207,
          0.7749277,
          -0.081903644,
          0,
          0.7683938,
          0.63205,
          0.10041836,
          0,
          2.600248,
          3.544762,
          0.32133374,
          1
        ]
      },
      {
        "date" : 759082436.828967,
        "title" : "Untitled",
        "transform" : [
          -0.95653623,
          4.5134083e-09,
          -0.29161355,
          0,
          -0.23235084,
          0.6042741,
          0.7621456,
          0,
          0.17621455,
          0.79677653,
          -0.57801,
          0,
          0.48154646,
          4.062087,
          -1.6423898,
          1
        ]
      },
      {
        "date" : 759082404.704721,
        "title" : "Untitled",
        "transform" : [
          -0.95653623,
          4.5134083e-09,
          -0.29161355,
          0,
          -0.23235084,
          0.6042741,
          0.7621456,
          0,
          0.17621455,
          0.79677653,
          -0.57801,
          0,
          -0.43834805,
          5.251183,
          -3.864672,
          1
        ]
      },
      {
        "date" : 759082399.39053,
        "title" : "Untitled",
        "transform" : [
          -0.95653623,
          4.5134083e-09,
          -0.29161355,
          0,
          -0.23235084,
          0.6042741,
          0.7621456,
          0,
          0.17621455,
          0.79677653,
          -0.57801,
          0,
          -0.8117742,
          3.5626926,
          -2.6397796,
          1
        ]
      },
      {
        "date" : 759082383.355048,
        "title" : "Untitled",
        "transform" : [
          -0.95653623,
          4.5134083e-09,
          -0.29161355,
          0,
          -0.23235084,
          0.6042741,
          0.7621456,
          0,
          0.17621455,
          0.79677653,
          -0.57801,
          0,
          1.8525122,
          3.3057213,
          -2.1817632,
          1
        ]
      },
      {
        "date" : 759082348.147863,
        "title" : "Untitled",
        "transform" : [
          -0.95653623,
          4.5134083e-09,
          -0.29161355,
          0,
          -0.23235084,
          0.6042741,
          0.7621456,
          0,
          0.17621455,
          0.79677653,
          -0.57801,
          0,
          3.3357701,
          4.6132693,
          -3.9286437,
          1
        ]
      },
      {
        "date" : 759082345.807264,
        "title" : "Untitled",
        "transform" : [
          -0.95653623,
          4.5134083e-09,
          -0.29161355,
          0,
          -0.23235084,
          0.6042741,
          0.7621456,
          0,
          0.17621455,
          0.79677653,
          -0.57801,
          0,
          4.229895,
          3.9454894,
          -4.5765805,
          1
        ]
      }
    ]
  },
  "sceneViewportBackgroundColors" : {

  }
}