{
  "advancedEditorSelectedIdentifier" : "ProjectBrowser",
  "openSceneRelativePaths" : [
    "Immersive.usda",
    "Untitled Scene.usda"
  ],
  "recentIdentifiers" : {
    "9B408932-87BF-45D1-9AB5-CCFCDCF9CCD2" : [

    ],
    "C6A7F375-BFE9-46E0-9EA6-1A6B150F43FD" : [

    ]
  },
  "sceneCameraHistory" : {
    "9B408932-87BF-45D1-9AB5-CCFCDCF9CCD2" : [
      {
        "date" : 760286719.08591,
        "title" : "Untitled",
        "transform" : [
          0.99975264,
          1.3170888e-10,
          0.022240864,
          0,
          0.004103986,
          0.9828279,
          -0.18447891,
          0,
          -0.02185894,
          0.18452461,
          0.98258483,
          0,
          0.083469674,
          0.26985568,
          0.56299084,
          1
        ]
      },
      {
        "date" : 760286711.425071,
        "title" : "Untitled",
        "transform" : [
          0.99975264,
          1.3170888e-10,
          0.022240864,
          0,
          0.004103986,
          0.9828279,
          -0.18447891,
          0,
          -0.02185894,
          0.18452461,
          0.98258483,
          0,
          -0.023719165,
          0.37509054,
          1.1211596,
          1
        ]
      },
      {
        "date" : 760285635.688987,
        "title" : "Untitled",
        "transform" : [
          0.9997525,
          1.3170887e-10,
          0.022240862,
          0,
          0.004103986,
          0.9828279,
          -0.18447891,
          0,
          -0.021858938,
          0.1845246,
          0.9825847,
          0,
          -0.023719165,
          0.37509054,
          1.1211596,
          1
        ]
      },
      {
        "date" : 760285606.806516,
        "title" : "Untitled",
        "transform" : [
          0.9998203,
          1.0352233e-10,
          0.018956961,
          0,
          0.009441851,
          0.86713815,
          -0.49797818,
          0,
          -0.016438304,
          0.49806768,
          0.8669823,
          0,
          -0.016506283,
          0.7236548,
          0.9350431,
          1
        ]
      },
      {
        "date" : 760285600.606238,
        "title" : "Untitled",
        "transform" : [
          0.9999819,
          -1.8766655e-12,
          0.0060180575,
          0,
          0.0022167498,
          0.9296873,
          -0.36834303,
          0,
          -0.005594912,
          0.3683497,
          0.92967045,
          0,
          -0.0007516523,
          0.5351844,
          1.0261242,
          1
        ]
      },
      {
        "date" : 760285598.801487,
        "title" : "Untitled",
        "transform" : [
          0.9999819,
          -1.8766655e-12,
          0.0060180575,
          0,
          0.0022167498,
          0.9296873,
          -0.36834303,
          0,
          -0.005594912,
          0.3683497,
          0.92967045,
          0,
          -0.000359416,
          0.255908,
          0.4906597,
          1
        ]
      },
      {
        "date" : 760285596.623752,
        "title" : "Untitled",
        "transform" : [
          0.9999819,
          6.733178e-11,
          0.006018058,
          0,
          0.00221675,
          0.9296873,
          -0.36834306,
          0,
          -0.005594912,
          0.36834973,
          0.9296705,
          0,
          -0.069453195,
          7.4732018,
          11.540572,
          1
        ]
      },
      {
        "date" : 760285588.806259,
        "title" : "Untitled",
        "transform" : [
          0.9999819,
          6.733178e-11,
          0.006018058,
          0,
          0.00221675,
          0.9296873,
          -0.36834306,
          0,
          -0.005594912,
          0.36834973,
          0.9296705,
          0,
          -0.012881829,
          3.748746,
          2.1404908,
          1
        ]
      },
      {
        "date" : 760285584.104501,
        "title" : "Untitled",
        "transform" : [
          0.99960554,
          3.3257262e-08,
          0.028083626,
          0,
          0.028066598,
          0.034899782,
          -0.9989967,
          0,
          -0.0009801313,
          0.99939084,
          0.03488579,
          0,
          -0.4479057,
          1.8163353,
          0.9776833,
          1
        ]
      },
      {
        "date" : 760285576.922626,
        "title" : "Untitled",
        "transform" : [
          0.99960554,
          3.3257262e-08,
          0.028083626,
          0,
          0.028066598,
          0.034899782,
          -0.9989967,
          0,
          -0.0009801313,
          0.99939084,
          0.03488579,
          0,
          -0.24906313,
          1.0099943,
          0.5436521,
          1
        ]
      }
    ],
    "C6A7F375-BFE9-46E0-9EA6-1A6B150F43FD" : [
      {
        "date" : 760284463.490557,
        "title" : "Untitled",
        "transform" : [
          0.9993368,
          -3.6807574e-11,
          0.036415882,
          0,
          0.021584652,
          0.8054037,
          -0.5923333,
          0,
          -0.029329529,
          0.59272647,
          0.80486983,
          0,
          0.048012033,
          0.6567921,
          0.5762697,
          1
        ]
      },
      {
        "date" : 760284453.970796,
        "title" : "Untitled",
        "transform" : [
          0.9994521,
          5.7622795e-11,
          0.033098213,
          0,
          0.012478769,
          0.9262042,
          -0.37681594,
          0,
          -0.03065574,
          0.37702233,
          0.92569673,
          0,
          0.04517238,
          0.49586648,
          0.71961355,
          1
        ]
      },
      {
        "date" : 760284436.203919,
        "title" : "Untitled",
        "transform" : [
          -0.04204675,
          4.3807014e-10,
          -0.99911565,
          0,
          -0.6593982,
          0.7512816,
          0.027750093,
          0,
          0.75061727,
          0.6599817,
          -0.03158892,
          0,
          0.51199746,
          0.7038627,
          -0.090573475,
          1
        ]
      },
      {
        "date" : 760284424.469688,
        "title" : "Untitled",
        "transform" : [
          0.0923032,
          2.0428015e-09,
          -0.995731,
          0,
          -0.5046037,
          0.862083,
          -0.046776224,
          0,
          0.8584027,
          0.5067671,
          0.07957302,
          0,
          1.1652591,
          1.3394881,
          -0.03684807,
          1
        ]
      },
      {
        "date" : 760284422.521202,
        "title" : "Untitled",
        "transform" : [
          0.0923032,
          2.0428015e-09,
          -0.995731,
          0,
          -0.5046037,
          0.862083,
          -0.046776224,
          0,
          0.8584027,
          0.5067671,
          0.07957302,
          0,
          1.1652591,
          1.3394881,
          -0.03684807,
          1
        ]
      },
      {
        "date" : 760284416.037682,
        "title" : "Untitled",
        "transform" : [
          0.4440037,
          6.6919265e-10,
          0.896025,
          0,
          0.41546404,
          0.88600564,
          -0.20587327,
          0,
          -0.7938831,
          0.4636746,
          0.39338976,
          0,
          -0.99145055,
          1.1363963,
          0.9205222,
          1
        ]
      },
      {
        "date" : 760284412.070269,
        "title" : "Untitled",
        "transform" : [
          0.4440037,
          6.6919265e-10,
          0.896025,
          0,
          0.41546404,
          0.88600564,
          -0.20587327,
          0,
          -0.7938831,
          0.4636746,
          0.39338976,
          0,
          -0.68619657,
          0.6045661,
          0.7706464,
          1
        ]
      },
      {
        "date" : 760282062.10687,
        "title" : "Untitled",
        "transform" : [
          0.4440037,
          6.6919265e-10,
          0.896025,
          0,
          0.41546404,
          0.88600564,
          -0.20587327,
          0,
          -0.7938831,
          0.4636746,
          0.39338976,
          0,
          -0.6925658,
          0.9274384,
          0.37723476,
          1
        ]
      },
      {
        "date" : 760282060.690645,
        "title" : "Untitled",
        "transform" : [
          0.4440037,
          6.6919265e-10,
          0.896025,
          0,
          0.41546404,
          0.88600564,
          -0.20587327,
          0,
          -0.7938831,
          0.4636746,
          0.39338976,
          0,
          -0.7475419,
          0.9365318,
          0.25557142,
          1
        ]
      },
      {
        "date" : 760266615.171364,
        "title" : "Untitled",
        "transform" : [
          0.4440037,
          6.6919265e-10,
          0.896025,
          0,
          0.41546404,
          0.88600564,
          -0.20587327,
          0,
          -0.7938831,
          0.4636746,
          0.39338976,
          0,
          0.049150527,
          0.5343377,
          0.31516337,
          1
        ]
      }
    ]
  },
  "sceneViewportBackgroundColors" : {

  },
  "selectedSceneRelativePath" : "Untitled Scene.usda"
}