{
  "advancedEditorSelectedIdentifier" : "ProjectBrowser",
  "openSceneRelativePaths" : [
    "Immersive.usda",
    "Untitled Scene.usda",
    "Untitled Scene 1.usda"
  ],
  "recentIdentifiers" : {
    "070EB590-A177-4FD0-BAC6-7B2A8737847A" : [

    ],
    "9B408932-87BF-45D1-9AB5-CCFCDCF9CCD2" : [

    ],
    "C6A7F375-BFE9-46E0-9EA6-1A6B150F43FD" : [

    ]
  },
  "sceneCameraHistory" : {
    "070EB590-A177-4FD0-BAC6-7B2A8737847A" : [
      {
        "date" : 760293996.64736,
        "title" : "Untitled",
        "transform" : [
          -0.98734677,
          3.694132e-09,
          -0.15857606,
          0,
          -0.011986209,
          0.9971392,
          0.07463024,
          0,
          0.15812252,
          0.07558668,
          -0.9845222,
          0,
          -0.024894563,
          0.06931742,
          -0.32697654,
          1
        ]
      },
      {
        "date" : 760293994.548996,
        "title" : "Untitled",
        "transform" : [
          -0.98734677,
          3.694132e-09,
          -0.15857606,
          0,
          -0.011986209,
          0.9971392,
          0.07463024,
          0,
          0.15812252,
          0.07558668,
          -0.9845222,
          0,
          -0.01075691,
          0.10927339,
          -0.48416328,
          1
        ]
      },
      {
        "date" : 760293992.164,
        "title" : "Untitled",
        "transform" : [
          -0.98734677,
          3.694132e-09,
          -0.15857606,
          0,
          -0.011986209,
          0.9971392,
          0.07463024,
          0,
          0.15812252,
          0.07558668,
          -0.9845222,
          0,
          -0.08778551,
          0.16436107,
          -0.49230522,
          1
        ]
      },
      {
        "date" : 760293885.734607,
        "title" : "Untitled",
        "transform" : [
          -0.98734677,
          3.694132e-09,
          -0.15857606,
          0,
          -0.011986209,
          0.9971392,
          0.07463024,
          0,
          0.15812252,
          0.07558668,
          -0.9845222,
          0,
          -0.05982399,
          0.1777274,
          -0.6664026,
          1
        ]
      },
      {
        "date" : 760293821.502257,
        "title" : "Untitled",
        "transform" : [
          -0.5407138,
          3.6739785e-09,
          -0.84120667,
          0,
          -0.04923178,
          0.9982859,
          0.031645402,
          0,
          0.8397649,
          0.058525223,
          -0.5397869,
          0,
          0.49498147,
          0.14105935,
          -0.36460322,
          1
        ]
      },
      {
        "date" : 760293818.856084,
        "title" : "Untitled",
        "transform" : [
          -0.18951528,
          3.823155e-09,
          -0.9818778,
          0,
          -0.17462131,
          0.9840586,
          0.033704232,
          0,
          0.9662254,
          0.17784429,
          -0.18649407,
          0,
          0.5660328,
          0.21853717,
          -0.130767,
          1
        ]
      },
      {
        "date" : 760293816.400957,
        "title" : "Untitled",
        "transform" : [
          -0.18951528,
          3.823155e-09,
          -0.9818778,
          0,
          -0.17462131,
          0.9840586,
          0.033704232,
          0,
          0.9662254,
          0.17784429,
          -0.18649407,
          0,
          0.84568113,
          0.32261962,
          -0.18680471,
          1
        ]
      },
      {
        "date" : 760293814.110209,
        "title" : "Untitled",
        "transform" : [
          -0.1901213,
          3.5028256e-09,
          -0.9817606,
          0,
          -0.3361901,
          0.93954116,
          0.06510439,
          0,
          0.92240465,
          0.342436,
          -0.17862672,
          0,
          0.7766486,
          0.47358066,
          -0.17401302,
          1
        ]
      },
      {
        "date" : 760293809.59983,
        "title" : "Untitled",
        "transform" : [
          -0.124916464,
          7.565172e-09,
          -0.99216723,
          0,
          0.22258808,
          0.97450966,
          -0.028024394,
          0,
          0.96687675,
          -0.2243453,
          -0.121732265,
          0,
          0.5728283,
          0.015957562,
          -0.09228601,
          1
        ]
      },
      {
        "date" : 760293808.150818,
        "title" : "Untitled",
        "transform" : [
          -0.11024856,
          7.565172e-09,
          -0.993904,
          0,
          0.22297771,
          0.97450966,
          -0.024733718,
          0,
          0.9685692,
          -0.2243453,
          -0.107438244,
          0,
          0.57408136,
          0.015957562,
          -0.08308986,
          1
        ]
      }
    ],
    "9B408932-87BF-45D1-9AB5-CCFCDCF9CCD2" : [
      {
        "date" : 760286719.08591,
        "title" : "Untitled",
        "transform" : [
          0.99975264,
          1.3170888e-10,
          0.022240864,
          0,
          0.004103986,
          0.9828279,
          -0.18447891,
          0,
          -0.02185894,
          0.18452461,
          0.98258483,
          0,
          0.083469674,
          0.26985568,
          0.56299084,
          1
        ]
      },
      {
        "date" : 760286711.425071,
        "title" : "Untitled",
        "transform" : [
          0.99975264,
          1.3170888e-10,
          0.022240864,
          0,
          0.004103986,
          0.9828279,
          -0.18447891,
          0,
          -0.02185894,
          0.18452461,
          0.98258483,
          0,
          -0.023719165,
          0.37509054,
          1.1211596,
          1
        ]
      },
      {
        "date" : 760285635.688987,
        "title" : "Untitled",
        "transform" : [
          0.9997525,
          1.3170887e-10,
          0.022240862,
          0,
          0.004103986,
          0.9828279,
          -0.18447891,
          0,
          -0.021858938,
          0.1845246,
          0.9825847,
          0,
          -0.023719165,
          0.37509054,
          1.1211596,
          1
        ]
      },
      {
        "date" : 760285606.806516,
        "title" : "Untitled",
        "transform" : [
          0.9998203,
          1.0352233e-10,
          0.018956961,
          0,
          0.009441851,
          0.86713815,
          -0.49797818,
          0,
          -0.016438304,
          0.49806768,
          0.8669823,
          0,
          -0.016506283,
          0.7236548,
          0.9350431,
          1
        ]
      },
      {
        "date" : 760285600.606238,
        "title" : "Untitled",
        "transform" : [
          0.9999819,
          -1.8766655e-12,
          0.0060180575,
          0,
          0.0022167498,
          0.9296873,
          -0.36834303,
          0,
          -0.005594912,
          0.3683497,
          0.92967045,
          0,
          -0.0007516523,
          0.5351844,
          1.0261242,
          1
        ]
      },
      {
        "date" : 760285598.801487,
        "title" : "Untitled",
        "transform" : [
          0.9999819,
          -1.8766655e-12,
          0.0060180575,
          0,
          0.0022167498,
          0.9296873,
          -0.36834303,
          0,
          -0.005594912,
          0.3683497,
          0.92967045,
          0,
          -0.000359416,
          0.255908,
          0.4906597,
          1
        ]
      },
      {
        "date" : 760285596.623752,
        "title" : "Untitled",
        "transform" : [
          0.9999819,
          6.733178e-11,
          0.006018058,
          0,
          0.00221675,
          0.9296873,
          -0.36834306,
          0,
          -0.005594912,
          0.36834973,
          0.9296705,
          0,
          -0.069453195,
          7.4732018,
          11.540572,
          1
        ]
      },
      {
        "date" : 760285588.806259,
        "title" : "Untitled",
        "transform" : [
          0.9999819,
          6.733178e-11,
          0.006018058,
          0,
          0.00221675,
          0.9296873,
          -0.36834306,
          0,
          -0.005594912,
          0.36834973,
          0.9296705,
          0,
          -0.012881829,
          3.748746,
          2.1404908,
          1
        ]
      },
      {
        "date" : 760285584.104501,
        "title" : "Untitled",
        "transform" : [
          0.99960554,
          3.3257262e-08,
          0.028083626,
          0,
          0.028066598,
          0.034899782,
          -0.9989967,
          0,
          -0.0009801313,
          0.99939084,
          0.03488579,
          0,
          -0.4479057,
          1.8163353,
          0.9776833,
          1
        ]
      },
      {
        "date" : 760285576.922626,
        "title" : "Untitled",
        "transform" : [
          0.99960554,
          3.3257262e-08,
          0.028083626,
          0,
          0.028066598,
          0.034899782,
          -0.9989967,
          0,
          -0.0009801313,
          0.99939084,
          0.03488579,
          0,
          -0.24906313,
          1.0099943,
          0.5436521,
          1
        ]
      }
    ],
    "C6A7F375-BFE9-46E0-9EA6-1A6B150F43FD" : [
      {
        "date" : 760293252.200574,
        "title" : "Untitled",
        "transform" : [
          0.9955231,
          7.8198653e-10,
          0.09451855,
          0,
          0.05641207,
          0.802363,
          -0.5941643,
          0,
          -0.07583823,
          0.5968362,
          0.79877096,
          0,
          0.1415782,
          1.1236725,
          0.641874,
          1
        ]
      },
      {
        "date" : 760293198.650421,
        "title" : "Untitled",
        "transform" : [
          0.23073487,
          8.033112e-10,
          0.97301674,
          0,
          0.16645034,
          0.98525953,
          -0.039470974,
          0,
          -0.95867395,
          0.17106621,
          0.22733371,
          0,
          -0.96814436,
          0.2589255,
          0.06504951,
          1
        ]
      },
      {
        "date" : 760293142.900898,
        "title" : "Untitled",
        "transform" : [
          0.23073487,
          8.033112e-10,
          0.97301674,
          0,
          0.16645034,
          0.98525953,
          -0.039470974,
          0,
          -0.95867395,
          0.17106621,
          0.22733371,
          0,
          -1.0148746,
          0.086868234,
          -0.0025423393,
          1
        ]
      },
      {
        "date" : 760293129.935519,
        "title" : "Untitled",
        "transform" : [
          0.9993368,
          -3.6807574e-11,
          0.036415882,
          0,
          0.021584654,
          0.8054038,
          -0.5923334,
          0,
          -0.029329525,
          0.5927264,
          0.8048697,
          0,
          0.1562756,
          0.6356088,
          0.59581494,
          1
        ]
      },
      {
        "date" : 760291119.58554,
        "title" : "Untitled",
        "transform" : [
          0.9993368,
          -3.6807574e-11,
          0.036415882,
          0,
          0.021584654,
          0.8054038,
          -0.5923334,
          0,
          -0.029329525,
          0.5927264,
          0.8048697,
          0,
          0.07147385,
          0.79737526,
          0.4735958,
          1
        ]
      },
      {
        "date" : 760284463.490557,
        "title" : "Untitled",
        "transform" : [
          0.9993368,
          -3.6807574e-11,
          0.036415882,
          0,
          0.021584652,
          0.8054037,
          -0.5923333,
          0,
          -0.029329529,
          0.59272647,
          0.80486983,
          0,
          0.048012033,
          0.6567921,
          0.5762697,
          1
        ]
      },
      {
        "date" : 760284453.970796,
        "title" : "Untitled",
        "transform" : [
          0.9994521,
          5.7622795e-11,
          0.033098213,
          0,
          0.012478769,
          0.9262042,
          -0.37681594,
          0,
          -0.03065574,
          0.37702233,
          0.92569673,
          0,
          0.04517238,
          0.49586648,
          0.71961355,
          1
        ]
      },
      {
        "date" : 760284436.203919,
        "title" : "Untitled",
        "transform" : [
          -0.04204675,
          4.3807014e-10,
          -0.99911565,
          0,
          -0.6593982,
          0.7512816,
          0.027750093,
          0,
          0.75061727,
          0.6599817,
          -0.03158892,
          0,
          0.51199746,
          0.7038627,
          -0.090573475,
          1
        ]
      },
      {
        "date" : 760284424.469688,
        "title" : "Untitled",
        "transform" : [
          0.0923032,
          2.0428015e-09,
          -0.995731,
          0,
          -0.5046037,
          0.862083,
          -0.046776224,
          0,
          0.8584027,
          0.5067671,
          0.07957302,
          0,
          1.1652591,
          1.3394881,
          -0.03684807,
          1
        ]
      },
      {
        "date" : 760284422.521202,
        "title" : "Untitled",
        "transform" : [
          0.0923032,
          2.0428015e-09,
          -0.995731,
          0,
          -0.5046037,
          0.862083,
          -0.046776224,
          0,
          0.8584027,
          0.5067671,
          0.07957302,
          0,
          1.1652591,
          1.3394881,
          -0.03684807,
          1
        ]
      }
    ]
  },
  "sceneViewportBackgroundColors" : {

  },
  "selectedSceneRelativePath" : "Sword Scene.usda"
}