{
  "advancedEditorSelectedIdentifier" : "ProjectBrowser",
  "openSceneRelativePaths" : [
    "Immersive.usda"
  ],
  "recentIdentifiers" : {
    "070EB590-A177-4FD0-BAC6-7B2A8737847A" : [

    ],
    "9B408932-87BF-45D1-9AB5-CCFCDCF9CCD2" : [

    ],
    "C6A7F375-BFE9-46E0-9EA6-1A6B150F43FD" : [

    ]
  },
  "sceneCameraHistory" : {
    "070EB590-A177-4FD0-BAC6-7B2A8737847A" : [
      {
        "date" : 760293996.64736,
        "title" : "Untitled",
        "transform" : [
          -0.98734677,
          3.694132e-09,
          -0.15857606,
          0,
          -0.011986209,
          0.9971392,
          0.07463024,
          0,
          0.15812252,
          0.07558668,
          -0.9845222,
          0,
          -0.024894563,
          0.06931742,
          -0.32697654,
          1
        ]
      },
      {
        "date" : 760293994.548996,
        "title" : "Untitled",
        "transform" : [
          -0.98734677,
          3.694132e-09,
          -0.15857606,
          0,
          -0.011986209,
          0.9971392,
          0.07463024,
          0,
          0.15812252,
          0.07558668,
          -0.9845222,
          0,
          -0.01075691,
          0.10927339,
          -0.48416328,
          1
        ]
      },
      {
        "date" : 760293992.164,
        "title" : "Untitled",
        "transform" : [
          -0.98734677,
          3.694132e-09,
          -0.15857606,
          0,
          -0.011986209,
          0.9971392,
          0.07463024,
          0,
          0.15812252,
          0.07558668,
          -0.9845222,
          0,
          -0.08778551,
          0.16436107,
          -0.49230522,
          1
        ]
      },
      {
        "date" : 760293885.734607,
        "title" : "Untitled",
        "transform" : [
          -0.98734677,
          3.694132e-09,
          -0.15857606,
          0,
          -0.011986209,
          0.9971392,
          0.07463024,
          0,
          0.15812252,
          0.07558668,
          -0.9845222,
          0,
          -0.05982399,
          0.1777274,
          -0.6664026,
          1
        ]
      },
      {
        "date" : 760293821.502257,
        "title" : "Untitled",
        "transform" : [
          -0.5407138,
          3.6739785e-09,
          -0.84120667,
          0,
          -0.04923178,
          0.9982859,
          0.031645402,
          0,
          0.8397649,
          0.058525223,
          -0.5397869,
          0,
          0.49498147,
          0.14105935,
          -0.36460322,
          1
        ]
      },
      {
        "date" : 760293818.856084,
        "title" : "Untitled",
        "transform" : [
          -0.18951528,
          3.823155e-09,
          -0.9818778,
          0,
          -0.17462131,
          0.9840586,
          0.033704232,
          0,
          0.9662254,
          0.17784429,
          -0.18649407,
          0,
          0.5660328,
          0.21853717,
          -0.130767,
          1
        ]
      },
      {
        "date" : 760293816.400957,
        "title" : "Untitled",
        "transform" : [
          -0.18951528,
          3.823155e-09,
          -0.9818778,
          0,
          -0.17462131,
          0.9840586,
          0.033704232,
          0,
          0.9662254,
          0.17784429,
          -0.18649407,
          0,
          0.84568113,
          0.32261962,
          -0.18680471,
          1
        ]
      },
      {
        "date" : 760293814.110209,
        "title" : "Untitled",
        "transform" : [
          -0.1901213,
          3.5028256e-09,
          -0.9817606,
          0,
          -0.3361901,
          0.93954116,
          0.06510439,
          0,
          0.92240465,
          0.342436,
          -0.17862672,
          0,
          0.7766486,
          0.47358066,
          -0.17401302,
          1
        ]
      },
      {
        "date" : 760293809.59983,
        "title" : "Untitled",
        "transform" : [
          -0.124916464,
          7.565172e-09,
          -0.99216723,
          0,
          0.22258808,
          0.97450966,
          -0.028024394,
          0,
          0.96687675,
          -0.2243453,
          -0.121732265,
          0,
          0.5728283,
          0.015957562,
          -0.09228601,
          1
        ]
      },
      {
        "date" : 760293808.150818,
        "title" : "Untitled",
        "transform" : [
          -0.11024856,
          7.565172e-09,
          -0.993904,
          0,
          0.22297771,
          0.97450966,
          -0.024733718,
          0,
          0.9685692,
          -0.2243453,
          -0.107438244,
          0,
          0.57408136,
          0.015957562,
          -0.08308986,
          1
        ]
      }
    ],
    "9B408932-87BF-45D1-9AB5-CCFCDCF9CCD2" : [
      {
        "date" : 760286719.08591,
        "title" : "Untitled",
        "transform" : [
          0.99975264,
          1.3170888e-10,
          0.022240864,
          0,
          0.004103986,
          0.9828279,
          -0.18447891,
          0,
          -0.02185894,
          0.18452461,
          0.98258483,
          0,
          0.083469674,
          0.26985568,
          0.56299084,
          1
        ]
      },
      {
        "date" : 760286711.425071,
        "title" : "Untitled",
        "transform" : [
          0.99975264,
          1.3170888e-10,
          0.022240864,
          0,
          0.004103986,
          0.9828279,
          -0.18447891,
          0,
          -0.02185894,
          0.18452461,
          0.98258483,
          0,
          -0.023719165,
          0.37509054,
          1.1211596,
          1
        ]
      },
      {
        "date" : 760285635.688987,
        "title" : "Untitled",
        "transform" : [
          0.9997525,
          1.3170887e-10,
          0.022240862,
          0,
          0.004103986,
          0.9828279,
          -0.18447891,
          0,
          -0.021858938,
          0.1845246,
          0.9825847,
          0,
          -0.023719165,
          0.37509054,
          1.1211596,
          1
        ]
      },
      {
        "date" : 760285606.806516,
        "title" : "Untitled",
        "transform" : [
          0.9998203,
          1.0352233e-10,
          0.018956961,
          0,
          0.009441851,
          0.86713815,
          -0.49797818,
          0,
          -0.016438304,
          0.49806768,
          0.8669823,
          0,
          -0.016506283,
          0.7236548,
          0.9350431,
          1
        ]
      },
      {
        "date" : 760285600.606238,
        "title" : "Untitled",
        "transform" : [
          0.9999819,
          -1.8766655e-12,
          0.0060180575,
          0,
          0.0022167498,
          0.9296873,
          -0.36834303,
          0,
          -0.005594912,
          0.3683497,
          0.92967045,
          0,
          -0.0007516523,
          0.5351844,
          1.0261242,
          1
        ]
      },
      {
        "date" : 760285598.801487,
        "title" : "Untitled",
        "transform" : [
          0.9999819,
          -1.8766655e-12,
          0.0060180575,
          0,
          0.0022167498,
          0.9296873,
          -0.36834303,
          0,
          -0.005594912,
          0.3683497,
          0.92967045,
          0,
          -0.000359416,
          0.255908,
          0.4906597,
          1
        ]
      },
      {
        "date" : 760285596.623752,
        "title" : "Untitled",
        "transform" : [
          0.9999819,
          6.733178e-11,
          0.006018058,
          0,
          0.00221675,
          0.9296873,
          -0.36834306,
          0,
          -0.005594912,
          0.36834973,
          0.9296705,
          0,
          -0.069453195,
          7.4732018,
          11.540572,
          1
        ]
      },
      {
        "date" : 760285588.806259,
        "title" : "Untitled",
        "transform" : [
          0.9999819,
          6.733178e-11,
          0.006018058,
          0,
          0.00221675,
          0.9296873,
          -0.36834306,
          0,
          -0.005594912,
          0.36834973,
          0.9296705,
          0,
          -0.012881829,
          3.748746,
          2.1404908,
          1
        ]
      },
      {
        "date" : 760285584.104501,
        "title" : "Untitled",
        "transform" : [
          0.99960554,
          3.3257262e-08,
          0.028083626,
          0,
          0.028066598,
          0.034899782,
          -0.9989967,
          0,
          -0.0009801313,
          0.99939084,
          0.03488579,
          0,
          -0.4479057,
          1.8163353,
          0.9776833,
          1
        ]
      },
      {
        "date" : 760285576.922626,
        "title" : "Untitled",
        "transform" : [
          0.99960554,
          3.3257262e-08,
          0.028083626,
          0,
          0.028066598,
          0.034899782,
          -0.9989967,
          0,
          -0.0009801313,
          0.99939084,
          0.03488579,
          0,
          -0.24906313,
          1.0099943,
          0.5436521,
          1
        ]
      }
    ],
    "C6A7F375-BFE9-46E0-9EA6-1A6B150F43FD" : [
      {
        "date" : 760441565.580101,
        "title" : "Untitled",
        "transform" : [
          0.86838996,
          1.84383e-09,
          -0.49588177,
          0,
          -0.030854134,
          0.9980624,
          -0.054031894,
          0,
          0.4949209,
          0.06222078,
          0.8667075,
          0,
          -0.24714321,
          0.6984059,
          0.91252565,
          1
        ]
      },
      {
        "date" : 760441554.038251,
        "title" : "Untitled",
        "transform" : [
          0.87381023,
          -2.0507172e-09,
          -0.48626694,
          0,
          -0.12940185,
          0.9639419,
          -0.23253208,
          0,
          0.46873298,
          0.26611277,
          0.8423023,
          0,
          -0.67431617,
          0.8071163,
          0.36595625,
          1
        ]
      },
      {
        "date" : 760441427.88912,
        "title" : "Untitled",
        "transform" : [
          0.9097651,
          1.6762345e-09,
          -0.41512325,
          0,
          -0.053102642,
          0.99178445,
          -0.11637734,
          0,
          0.4117127,
          0.1279202,
          0.90229094,
          0,
          -0.7136227,
          0.7065387,
          0.42136237,
          1
        ]
      },
      {
        "date" : 760441418.505109,
        "title" : "Untitled",
        "transform" : [
          0.9024805,
          -4.151781e-09,
          -0.4307308,
          0,
          -0.012634431,
          0.9995698,
          -0.02647203,
          0,
          0.43054563,
          0.029332574,
          0.9020921,
          0,
          -2.4665868,
          1.0687883,
          0.89966863,
          1
        ]
      },
      {
        "date" : 760441400.377564,
        "title" : "Untitled",
        "transform" : [
          0.47353444,
          -5.6810467e-09,
          0.8807752,
          0,
          0.24522407,
          0.9604599,
          -0.13184074,
          0,
          -0.8459492,
          0.27841845,
          0.45481095,
          0,
          -1.3899308,
          0.75738823,
          -0.07287708,
          1
        ]
      },
      {
        "date" : 760441313.485829,
        "title" : "Untitled",
        "transform" : [
          0.8644652,
          -7.6526225e-09,
          -0.50269264,
          0,
          -0.07344264,
          0.98927003,
          -0.12629704,
          0,
          0.4972989,
          0.14609848,
          0.85518944,
          0,
          -0.35781568,
          0.8606409,
          0.93301463,
          1
        ]
      },
      {
        "date" : 760441301.343704,
        "title" : "Untitled",
        "transform" : [
          0.9042575,
          3.3202254e-09,
          -0.42698792,
          0,
          -0.006842172,
          0.99987155,
          -0.014490059,
          0,
          0.42693314,
          0.016024264,
          0.9041412,
          0,
          -0.80971,
          0.66603327,
          0.25345019,
          1
        ]
      },
      {
        "date" : 760441284.347488,
        "title" : "Untitled",
        "transform" : [
          0.8693537,
          2.642793e-09,
          -0.49419042,
          0,
          0.05102245,
          0.994656,
          0.08975603,
          0,
          0.49154955,
          -0.103244536,
          0.8647078,
          0,
          -0.6812091,
          0.5571606,
          0.14247313,
          1
        ]
      },
      {
        "date" : 760441242.845012,
        "title" : "Untitled",
        "transform" : [
          0.8693537,
          2.642793e-09,
          -0.49419042,
          0,
          0.05102245,
          0.994656,
          0.08975603,
          0,
          0.49154955,
          -0.103244536,
          0.8647078,
          0,
          -0.67967486,
          0.66027224,
          0.15391234,
          1
        ]
      },
      {
        "date" : 760441235.142806,
        "title" : "Untitled",
        "transform" : [
          0.92112875,
          -2.3742386e-10,
          -0.38925812,
          0,
          -0.02692326,
          0.9976052,
          -0.06371038,
          0,
          0.38832602,
          0.069165565,
          0.9189228,
          0,
          -0.7424611,
          0.77429384,
          0.20087218,
          1
        ]
      }
    ]
  },
  "sceneViewportBackgroundColors" : {

  },
  "selectedSceneRelativePath" : "Immersive.usda"
}