{
  "advancedEditorSelectedIdentifier" : "BehaviorsPluginID",
  "openSceneRelativePaths" : [
    "Immersive.usda"
  ],
  "recentIdentifiers" : {
    "C6A7F375-BFE9-46E0-9EA6-1A6B150F43FD" : [

    ]
  },
  "sceneCameraHistory" : {
    "C6A7F375-BFE9-46E0-9EA6-1A6B150F43FD" : [
      {
        "date" : 759756439.086356,
        "title" : "Untitled",
        "transform" : [
          -0.3235644,
          8.296779e-08,
          -0.9462062,
          0,
          -0.26167423,
          0.9609992,
          0.08948212,
          0,
          0.9093034,
          0.27655095,
          -0.3109451,
          0,
          1.2930166,
          0.39084065,
          -0.42573535,
          1
        ]
      },
      {
        "date" : 759756395.32072,
        "title" : "Untitled",
        "transform" : [
          -0.3235644,
          8.296779e-08,
          -0.9462062,
          0,
          -0.26167423,
          0.9609992,
          0.08948212,
          0,
          0.9093034,
          0.27655095,
          -0.3109451,
          0,
          1.2931828,
          0.17254555,
          -0.6193978,
          1
        ]
      },
      {
        "date" : 759756394.200368,
        "title" : "Untitled",
        "transform" : [
          -0.3235644,
          8.296779e-08,
          -0.9462062,
          0,
          -0.26167423,
          0.9609992,
          0.08948212,
          0,
          0.9093034,
          0.27655095,
          -0.3109451,
          0,
          1.2259225,
          0.36958292,
          -0.64084625,
          1
        ]
      },
      {
        "date" : 759756386.486098,
        "title" : "Untitled",
        "transform" : [
          -0.3235644,
          8.296779e-08,
          -0.9462062,
          0,
          -0.26167423,
          0.9609992,
          0.08948212,
          0,
          0.9093034,
          0.27655095,
          -0.3109451,
          0,
          1.2970561,
          0.41757995,
          -0.39014035,
          1
        ]
      },
      {
        "date" : 759756383.088087,
        "title" : "Untitled",
        "transform" : [
          -0.3235644,
          8.296779e-08,
          -0.9462062,
          0,
          -0.26167423,
          0.9609992,
          0.08948212,
          0,
          0.9093034,
          0.27655095,
          -0.3109451,
          0,
          1.392956,
          0.026575565,
          -0.45745236,
          1
        ]
      },
      {
        "date" : 759756121.852053,
        "title" : "Untitled",
        "transform" : [
          -0.3235644,
          8.296779e-08,
          -0.9462062,
          0,
          -0.26167423,
          0.9609992,
          0.08948212,
          0,
          0.9093034,
          0.27655095,
          -0.3109451,
          0,
          1.2953669,
          0.47800535,
          -0.34133792,
          1
        ]
      },
      {
        "date" : 759756117.587681,
        "title" : "Untitled",
        "transform" : [
          -0.3235644,
          8.296779e-08,
          -0.9462062,
          0,
          -0.26167423,
          0.9609992,
          0.08948212,
          0,
          0.9093034,
          0.27655095,
          -0.3109451,
          0,
          1.1912203,
          0.42488542,
          -0.6931404,
          1
        ]
      },
      {
        "date" : 759756112.489164,
        "title" : "Untitled",
        "transform" : [
          -0.3235644,
          8.296779e-08,
          -0.9462062,
          0,
          -0.26167423,
          0.9609992,
          0.08948212,
          0,
          0.9093034,
          0.27655095,
          -0.3109451,
          0,
          1.2320201,
          0.408305,
          -0.5885749,
          1
        ]
      },
      {
        "date" : 759756110.856636,
        "title" : "Untitled",
        "transform" : [
          -0.43243378,
          8.1827295e-08,
          -0.90166575,
          0,
          -0.20774356,
          0.973096,
          0.0996327,
          0,
          0.87740743,
          0.23039971,
          -0.42079958,
          0,
          1.1902473,
          0.37080634,
          -0.6713462,
          1
        ]
      },
      {
        "date" : 759756105.567839,
        "title" : "Untitled",
        "transform" : [
          -0.48766413,
          7.550826e-08,
          -0.8730313,
          0,
          -0.4406559,
          0.8632699,
          0.24614482,
          0,
          0.75366175,
          0.5047424,
          -0.4209858,
          0,
          1.1218946,
          0.5990033,
          -0.6894282,
          1
        ]
      }
    ]
  },
  "sceneViewportBackgroundColors" : {

  }
}