{
  "advancedEditorSelectedIdentifier" : "ProjectBrowser",
  "openSceneRelativePaths" : [
    "Scene.usda"
  ],
  "recentIdentifiers" : {
    "2FB28FD6-6754-4EB5-BA46-3F1466D157A9" : [

    ]
  },
  "sceneCameraHistory" : {
    "2FB28FD6-6754-4EB5-BA46-3F1466D157A9" : [
      {
        "date" : 759941890.588665,
        "title" : "Untitled",
        "transform" : [
          -0.9733402,
          9.814848e-09,
          0.22936657,
          0,
          0.045668356,
          0.9799779,
          0.19379824,
          0,
          -0.22477427,
          0.19910625,
          -0.95385176,
          0,
          -1.3178849,
          1.3439313,
          -3.9504256,
          1
        ]
      },
      {
        "date" : 759941785.460378,
        "title" : "Untitled",
        "transform" : [
          -0.99955225,
          9.785164e-09,
          0.02992327,
          0,
          0.0052943104,
          0.9842236,
          0.17684995,
          0,
          -0.029451307,
          0.17692904,
          -0.9837828,
          0,
          -0.58245486,
          1.2629911,
          -3.8880208,
          1
        ]
      },
      {
        "date" : 759941782.23897,
        "title" : "Untitled",
        "transform" : [
          -0.9882572,
          9.78396e-09,
          0.15279953,
          0,
          0.02677902,
          0.9845228,
          0.17319785,
          0,
          -0.15043476,
          0.17525572,
          -0.97296184,
          0,
          -1.0571934,
          1.2563535,
          -3.7888024,
          1
        ]
      },
      {
        "date" : 759941778.708302,
        "title" : "Untitled",
        "transform" : [
          -0.9819683,
          8.196489e-09,
          0.18904592,
          0,
          -0.0010422288,
          0.99998474,
          -0.005413737,
          0,
          -0.18904316,
          -0.005513283,
          -0.9819533,
          0,
          -1.2265974,
          0.52996325,
          -3.907135,
          1
        ]
      },
      {
        "date" : 759941773.194109,
        "title" : "Untitled",
        "transform" : [
          -0.6228842,
          7.721455e-09,
          0.7823141,
          0,
          0.06254629,
          0.9967988,
          0.0497998,
          0,
          -0.7798099,
          0.07995023,
          -0.6208902,
          0,
          -3.4260027,
          0.87566227,
          -2.132329,
          1
        ]
      },
      {
        "date" : 759941771.661528,
        "title" : "Untitled",
        "transform" : [
          -0.9933862,
          7.710514e-09,
          0.11482116,
          0,
          0.008727289,
          0.9971072,
          0.07550488,
          0,
          -0.114489086,
          0.07600745,
          -0.9905126,
          0,
          -0.92341447,
          0.85980296,
          -3.9318125,
          1
        ]
      },
      {
        "date" : 759941761.192304,
        "title" : "Untitled",
        "transform" : [
          -0.99848884,
          7.25183e-09,
          0.05495442,
          0,
          0.005278633,
          0.99537605,
          0.09590939,
          0,
          -0.054700393,
          0.096054405,
          -0.9938719,
          0,
          -0.6846207,
          0.94034934,
          -3.9620879,
          1
        ]
      },
      {
        "date" : 759941626.635757,
        "title" : "Untitled",
        "transform" : [
          -0.99646634,
          7.311402e-09,
          -0.08399328,
          0,
          -0.0054671993,
          0.9978794,
          0.064861044,
          0,
          0.08381507,
          0.06509093,
          -0.9943532,
          0,
          -0.10981226,
          0.70839757,
          -3.5130618,
          1
        ]
      },
      {
        "date" : 759941607.728536,
        "title" : "Untitled",
        "transform" : [
          -0.9258295,
          7.318209e-09,
          0.37794122,
          0,
          0.02378937,
          0.9980171,
          0.058275968,
          0,
          -0.37719187,
          0.06294448,
          -0.92399365,
          0,
          -1.7059109,
          0.7012578,
          -3.6887662,
          1
        ]
      },
      {
        "date" : 759941588.368452,
        "title" : "Untitled",
        "transform" : [
          -0.97838604,
          8.959656e-09,
          0.20678663,
          0,
          -0.012040598,
          0.9983034,
          -0.056968678,
          0,
          -0.20643586,
          -0.05822731,
          -0.97672606,
          0,
          -1.0747234,
          0.30314994,
          -3.633498,
          1
        ]
      }
    ]
  },
  "sceneViewportBackgroundColors" : {

  }
}